   -1.508696    -0.047173    -0.934729    -1.072523     0.731960     0.171109     0.363159    -0.162094    -0.148890    -0.125018    -0.546049    -0.882889     1.989822     1.124533     0.452789     1.208704
   -2.501789    -0.311985     0.457421    -0.294691    -1.136980     1.094199     0.152312    -0.035221    -1.976465    -0.375365    -1.461776    -0.207288     0.191187     1.106101    -1.296613    -0.318752
    1.386256     0.413407     1.886160     1.090847    -0.400221     0.210532     0.212369    -0.828134     0.900038     0.712667     0.463091     0.865772    -2.618208    -2.039472    -2.303859    -2.162369
    0.389556     0.786427    -0.932212     0.359594    -0.575516    -0.020393     0.217089     0.957763    -0.001172    -0.393394    -0.162639    -0.809379    -1.811936    -0.390937    -1.712751    -0.103216
    0.497353     0.510239     0.090807     0.164524     1.784726    -0.587641    -0.917950    -0.317232    -1.231049    -0.468483    -1.104196    -0.435229    -0.084066    -0.236351     0.142706     0.398795
    2.353663    -0.340106     0.311896    -0.667787     2.171729     0.787807     1.203502    -0.245646     2.341821     1.062323     0.844030    -0.351033     1.744853     1.758592     0.244278     0.722917
   -0.229705    -0.275962     0.192162     0.144798     0.309285     0.434757    -0.654469    -0.737045     1.084057     0.398963    -0.101800     0.088754     1.346360     1.929282     1.754577     0.710213
    0.347735     0.744375     0.062406    -0.390778     0.592975    -0.231811    -0.253755     0.317898     0.228165     0.207451     0.965524     0.588737    -0.834781     0.011956    -0.344304     0.887999
    0.948045    -0.360631     0.434715     0.174363     0.958173     0.656930     0.724545     0.443114     1.086246     0.547486     0.251378     1.131606    -0.181856     0.395174    -0.431565     0.519635
   -0.012439     0.307998     0.074551    -0.587037    -2.463085    -0.762911     0.211898    -0.561323    -0.386127    -0.141978    -1.099263    -0.396582    -0.363518    -0.453885    -0.496858     0.598158
    1.127982    -0.197181     0.743630     0.723678    -0.246182     0.420900     0.753892     0.326775    -0.699772     0.474869    -0.426889     0.233830    -1.452989    -1.941131    -1.954541    -0.688657
    0.321313     0.886901     1.099458     0.465557     0.499586     1.086916     0.714018     0.491098    -2.506531    -0.728863    -0.103095     0.337460    -2.100636    -1.643372    -1.787367    -1.219503
   -2.268202    -1.240452    -1.416973    -0.397930    -0.228767    -0.073165     0.167987    -0.297009    -0.699728    -0.599868    -0.230542    -0.538819     1.651603     0.352157     1.392246     0.766000
   -0.790117    -0.288833    -0.234831    -0.350734    -0.815088    -0.124756     1.976627     0.152094    -2.724140    -1.241879    -1.381517    -1.634300     0.920659     0.023920     1.114638     0.094069
   -0.461408    -0.375424     0.828928     0.504133     0.289338    -0.184381    -0.609233     0.612705     0.508152     0.963003     0.357515    -0.338243     1.026543     0.059228     1.540821     1.714161
    0.178470    -0.628989    -0.121132     0.665081     0.763349     0.684926     1.254452     0.382066     1.780994     0.672331     0.399027     0.406989    -0.848630     0.518985    -0.299803     0.164528
    0.245953    -1.080037    -0.663345     0.770963    -1.920012    -1.085631     0.215275     0.288264     1.098887     1.086949     1.135818     0.970989     0.128739     1.930572     1.404804     1.054243
   -0.910271     0.105143    -1.041803    -0.821457    -0.003645    -0.106396    -0.416898    -0.286193    -1.896964    -0.905123    -2.124555    -1.212239    -1.775968    -0.362676    -0.382373    -1.263794
   -0.380410    -0.098306     0.119998     0.004579    -1.464874    -0.149019    -0.994879    -0.143699     0.204645     0.070495     0.290381    -0.474060     0.743642     0.616085     0.532091    -0.466585
    0.104548     1.206655     0.119045    -0.270651    -0.179128    -0.998902     0.163985    -0.340618    -0.690898    -1.375474    -0.214157    -0.684582     2.273113     0.214602     1.953823     0.744470
    2.140834     0.959541     0.707204     0.659730    -2.501933    -0.962875    -1.581597    -0.594825     0.329417    -0.036020     0.704219    -0.297893    -0.639792    -0.075961    -0.529054    -0.785568
    1.257520     0.355881    -0.387704     0.625239    -1.939187    -1.161740    -0.082795    -0.554981     0.383144    -0.359320    -0.394968     0.033177    -0.745789    -0.569150    -0.246416     0.161882
   -0.633881    -0.679070     0.422422    -0.441766    -1.560854    -1.879906    -0.435150    -0.922306     0.426974     0.634637     0.029452    -1.256104     1.726888    -0.445502     0.176358     0.941978
   -1.967697    -0.453891    -0.148508     0.022330     2.810849     0.313709     0.112726     0.745080    -0.550224     0.141426     0.670033     1.187420    -0.256622    -0.787515    -0.504603     0.068448
   -1.451394    -0.133038    -0.227726    -0.102915     1.203847    -0.303718     0.511013    -0.276743    -1.367805    -0.486929    -0.943290    -0.207251    -0.748533    -0.756986    -1.117422    -0.359753
    0.014275    -0.123430     1.116030     0.209079    -1.076131     0.084151    -0.476481     0.210654    -0.158431    -1.117263    -0.473236     0.571501    -0.657803     0.379417    -0.937782    -0.035543
   -1.738463    -0.285547    -0.388390    -0.932034    -1.290830     0.307793    -0.397335    -0.049273    -0.728108    -0.780299    -0.451204    -1.187359    -1.702109    -1.484608    -1.020052    -1.064061
    3.010337     1.503074     0.958448     0.808052    -0.425549    -1.036681    -1.260984    -0.257883     2.482945     0.631294     1.898044     2.039351    -0.165532    -0.001035    -0.484173     0.569600
    1.825287     0.631752     1.029492     0.130134    -0.478430     0.143221     1.749961     0.502314     1.007011     0.517016     0.446668     0.403079    -0.430576    -0.334567    -0.344290    -0.137320
   -0.580954     0.014735     0.153259     0.084213    -1.418895    -0.213523    -0.295761    -0.236283    -1.726899     0.337956    -1.070799     0.365421    -0.032107    -0.399192     0.207621    -0.019498
   -1.945008    -1.056637    -1.761126    -0.159855    -2.086686    -1.604142    -0.676192    -1.284990    -1.735551    -0.885140     0.088869    -0.262582     0.744378    -0.358475     0.085173     1.245955
    0.947241     0.004584     0.623556    -0.414968    -0.040702    -0.420347    -0.286557    -0.131779    -1.326507    -1.345437    -0.103890    -1.250602     0.409813     0.594751     0.317780    -0.237556
    0.506188     0.179479    -0.671333     1.316285     1.197241    -0.079241     0.924477     0.786003    -1.387559    -0.469359    -0.232808    -0.006045    -0.129635    -0.985906    -0.194731     0.598254
    0.548116    -0.538397    -0.062962    -0.469063    -0.075867     0.520572    -0.158095     0.071553     0.474350     0.969606     0.146551    -0.166788     0.099813    -0.048487     0.156775     0.162974
    0.820586     0.582426    -0.220871    -0.124432     0.005554     0.329179    -0.788960    -0.582913    -1.227025     0.469779    -1.335494    -0.400232     0.953717    -0.472650     0.890564     0.048419
    2.047608     0.664132     0.475233    -0.170913     0.411226     0.087669     0.675647     0.010510     0.126657     1.023845    -0.279685     0.991577    -0.123314    -0.946081    -1.312868    -0.203024
    2.006574     1.087019     0.133718     1.254896     1.240312     0.383992     1.408836     1.197772     1.335490     0.834813     0.313957     0.551638     1.224351    -0.026481     1.399950     0.609187
   -0.661581     0.266513     0.974913     0.548707     1.718279    -0.063673     0.157223     0.927059    -0.296083     0.057066    -0.918438     0.696778    -0.239349     0.389574    -0.224123     0.170389
    1.242150    -0.371398    -0.322568     0.886902    -0.795245     0.352686     0.323210    -0.891994    -1.666885    -0.730516    -0.763964     0.767312     2.104603     1.718286     1.278797     1.786199
   -1.750681    -0.049377    -0.672273    -0.191509     1.249581     0.556385     0.942269     0.833497    -0.212967     0.177762     0.091569    -0.618160    -0.557519     0.311845     1.339280     1.059132
   -0.478612    -1.300957    -0.499107     0.139412     1.167063     0.627045     0.975100     0.660851     0.858189    -0.386106     0.171918     0.415454    -0.361042    -0.941594    -0.063884    -0.136649
   -1.311560    -0.323509    -0.140720    -0.481685    -0.716880    -0.654889     0.894386     0.147392     1.716392     0.470096     0.874681     0.359153    -1.633277    -1.073938    -0.664302    -0.498594
    0.509977    -0.621152    -0.488876     0.208890     0.744179     0.201552     0.747639    -0.235028    -0.239823    -0.037550    -0.442338    -0.016728    -2.038621    -0.824978    -1.052969    -1.266030
    0.416774     0.122016     0.441054     0.252623     0.632651     0.174305     0.194121     0.703226     0.810487    -0.851238     0.217749     0.375555    -0.929011    -0.016456     0.010044    -0.590411
   -0.540310    -0.202377    -1.014818    -0.618492    -1.176470    -0.449006    -0.301056    -0.239770    -2.053097    -1.972018    -0.346460    -1.506384    -1.059153    -0.804625     0.742628     0.210809
    1.088797    -0.234859    -0.351784     0.378655     1.794300     0.578687     0.169765     0.378839    -1.415569    -0.332454     0.315600    -0.698621     0.669873     0.522510     1.073719     0.757221
   -0.464242     0.154141     1.297681    -0.387176    -0.528254     0.267448     0.240006    -0.662978    -1.254313    -0.796065    -0.552288     0.850089     1.738639     1.732208     0.934306     0.662524
    0.324359     0.564475     0.336098     0.529018     1.475303     1.136355     1.549252     1.618040     0.101375    -0.168051     0.461774    -0.500271    -0.582311    -0.264381     0.179783    -0.700285
    1.148073     0.048888     0.010140    -0.186315    -2.456060    -1.125576     0.716855    -1.351387    -0.461787    -0.588945     0.471255    -0.434067    -0.380964     1.700822     0.627750     0.028070
    0.986678     0.278538    -0.551488     0.819728     0.174657     0.476280     1.536784    -0.449165     1.124495     0.585477     0.358672     1.299468    -0.909614    -0.242836     0.262428    -1.263216
    2.133062     0.042097     1.346264    -0.217411    -0.476113    -0.614013     0.622278    -0.449779     0.294011     0.458898    -0.881723    -0.079317     1.660156     1.186095     0.449941     1.752869
   -0.150398    -1.006542     0.719501    -0.972370     0.214288    -0.062849    -1.000376    -0.658815    -1.152624    -0.356244    -0.358420    -0.396793    -1.044139    -0.358976    -0.581355    -0.212525
    0.995236     0.460759     1.443060     0.254306     2.475995     1.073551     2.494164     2.022948    -0.507901    -0.071728     0.424597     0.305802     0.136089    -0.126098    -0.301139    -0.653825
    0.910406     0.451558     0.340577    -0.099233    -0.584768     0.532063    -0.952115     0.156580    -0.323417     1.035214     0.513595     0.544705    -0.247031     0.494809    -0.285146     0.341728
    0.934244     0.167879     0.155449    -0.135892    -0.439293    -0.624976     0.115407     0.454661    -0.012948    -0.475080     0.184370     1.006949    -1.142680    -1.042273     0.133164     0.604921
    0.088086     0.710730    -0.290276     0.259931     0.354075    -0.630746     0.743943     0.121059    -2.014759    -0.879824    -0.765462    -1.516319     2.175445     1.031643     1.878805     1.716705
   -0.376716     0.349154    -1.098085    -0.326523     0.050967     0.551490     0.177790     0.523510     1.844992     0.595540    -0.240439    -0.378742     1.734898     2.364057     0.830568     1.138524
   -1.267954    -0.494092    -0.008925     0.217334     0.226289     0.821947    -0.432192     0.590677    -1.879390    -1.816231    -1.384933    -0.158694     0.941467     0.031427    -0.761067     0.193018
   -0.058539     0.791925     0.422278    -0.846060     1.021017    -0.175377     0.724261     0.230999     1.125450    -0.020089     0.416809     0.299875    -1.183742    -0.838197    -1.718367    -1.056285
   -1.403921    -0.336676    -0.403115     0.783284     0.180377    -0.334328    -0.194740     0.106357     0.255721     1.029353    -0.230465     0.271733     0.837349     1.283367     1.509388     0.846414
   -0.129213     0.537477    -0.161075     0.036022    -0.820437    -0.308738    -0.285354    -0.826809     1.522209     0.679216     0.428002    -0.747234     0.908429     0.636566     0.160611     0.821348
    0.091159     0.879142    -0.187453     0.522966     2.891265     1.724558     1.482035     2.643482    -0.740492     0.686038    -0.147664    -0.626084    -0.365512    -0.190650     0.725448    -0.858415
   -0.141843    -0.601467     0.585251    -0.833591     0.318545     1.096986     1.151862     0.814367    -1.622016    -0.638083    -0.570061    -0.728552     1.316972     1.285135     0.700987    -0.361915
   -1.159394     0.108009     0.443107    -0.545462     0.501588    -0.572564     0.765895     0.572172     1.198716    -0.664783     0.203866     0.315756     1.162940     0.319275     0.668463     0.646167
   -0.581116     0.678950    -0.132633     0.394240    -1.647522    -1.486011     0.150900     0.573131     1.836954    -0.225313     0.383501     1.242941     0.083215     0.628355     0.422980     1.118687
   -2.872886    -0.675225    -1.458489    -1.357434     0.013301    -1.343744    -1.213483    -0.712734     0.269451     0.689718    -0.468728    -0.428439    -0.270282    -0.346590    -0.540305    -0.503758
    0.494892    -0.444709    -0.606490     0.739939    -2.634948    -1.264074    -1.507036    -1.501934    -0.470471     0.758418    -0.794589    -0.731055    -0.382337    -0.936881    -0.555890    -0.776561
   -0.633819    -1.274800    -0.647957    -0.379965    -1.047167    -1.007395    -1.240875    -1.237153    -0.520442     0.181388    -0.339883     0.204255     1.737376     0.713008     0.792286     1.558457
   -1.667033    -0.171889    -0.742263    -0.312374     0.478449     0.180661     0.592592     0.368001     0.177199     0.238683     0.507633     1.392650     0.424832    -0.043877    -0.269124    -0.158987
   -2.094974    -0.468710     0.169973     0.332519    -1.514099    -1.456928    -0.876795    -0.771384     1.313823     0.633256    -0.138490     1.243290     2.120778     1.777592     1.174656     1.125126
    1.851051     1.776013     0.070099     0.201314    -1.059466    -0.825675    -1.097590    -0.696810     0.540001     0.189009     0.823374    -0.154979     1.181899     0.330194    -0.136418     0.241462
   -0.906776     0.220319    -0.723134    -1.101850    -0.799637     0.181284    -0.299744    -0.457924    -1.585903    -0.261023    -0.523456    -0.420882     1.480672     1.006229     0.769916    -0.668418
   -1.361128     0.394967     0.652081    -0.642854     0.241535    -0.110729     0.308427    -0.299798     2.355418     0.840847     1.542222     1.113462     0.293620     0.872129     0.765777     0.365329
   -0.454003    -0.104265    -0.048010     0.202569    -0.683021    -0.030355    -0.806364    -0.660410    -1.033524    -1.026812    -2.182482     0.135985    -0.055289     0.684690     0.111600    -0.760708
   -0.077618     0.611174     0.358265    -0.246337    -0.093834    -0.660014    -0.155244    -0.789647    -0.691858     0.023562    -0.101597    -0.520748    -2.757888    -1.072401    -0.816649    -0.368849
   -0.184529    -0.246616    -0.431391     0.529078    -0.398189     0.424627     1.126344    -0.084578    -0.074158     1.014486    -0.132053    -0.277002     0.087388     0.256954    -0.133835     0.882082
   -0.566127     0.571059     0.124617    -0.767876    -1.800399    -0.591318     0.318321    -0.568362    -0.982152    -0.790550    -0.135346    -0.127063    -1.867069    -0.761368    -0.838553    -0.546165
   -0.918065     0.418153    -0.241066    -0.465469    -0.723974     0.208913     0.551901     0.375548    -0.797702    -0.799891    -0.709199    -0.668860     0.976561     0.112226     0.013870     0.270636
    0.663453     0.875893     0.348939     0.664983     0.745959     0.353174     0.365852    -0.480208    -0.650297    -0.391329     0.615515     0.442215    -1.520963    -0.369368    -1.153797    -0.101046
    1.049186    -0.520129     0.044966    -0.847330    -0.603195     0.891939     0.482478     0.095105    -2.177403    -0.184519    -0.748166    -1.007045     0.084090    -0.806942    -0.011806    -0.833998
   -0.230927     0.948116    -0.403511     0.020354    -0.476562    -0.062550     0.227202    -0.011409     0.995193     0.374052    -0.032516     0.559297     1.833361     0.914645     0.215309     0.936268
    2.160881     1.337114     0.400207    -0.325121     0.889715    -0.770817    -0.489759     0.124457     0.936548     1.694252     1.800575     1.481386     1.396659     1.187433     0.618656     0.884259
    0.636521     0.033752     0.682797     0.099830    -0.178713    -0.718512     0.705420    -0.836870     1.176530     0.389252     1.065261     0.220768    -0.920591    -0.719461    -0.376064    -0.306767
    0.353544    -0.565683     1.238924     0.452595     0.133597    -0.195696    -0.719872    -0.410899    -0.271249    -0.222516    -0.182550    -0.402424     0.556140     1.184480     0.308611    -0.394147
    0.856022     0.900020    -0.202815     0.409881     2.174320     0.823647     0.938838     0.420891    -0.530158    -0.889958     0.349085     1.010812     1.581054     0.319701    -0.021967     1.551103
    1.684887     0.612072     0.020572    -0.049649    -0.740229    -0.124081    -0.044032    -0.459849     0.717124    -0.028597     0.947555    -0.357063     1.192864     1.243300     0.971827     0.500136
   -0.618903    -0.237469    -0.322426     0.067382     0.363399    -0.274332     0.098745     0.585174    -1.702523    -1.047494    -0.371510    -0.348789     0.899968     0.275869    -0.288444     0.429063
   -2.618100    -0.407183    -0.159997     0.033580     0.508216    -0.941817    -0.649436    -0.477700     1.464244     1.353215     0.654413     0.536338     1.362163     1.110923    -0.032606    -0.434814
    0.988779     0.482150     0.688920     0.375365    -0.345978    -0.675033    -1.347609    -0.656678     1.449628    -0.079248     0.281514     0.042853    -1.405457    -0.755314    -0.937518    -0.176723
    1.349885     1.032336     1.383199     0.713334    -2.217813    -1.363610    -0.706276    -2.027615     0.199638    -0.090337    -0.485231    -0.107658    -0.468977    -0.040010    -0.168424    -1.223189
   -1.789046     0.277311    -1.423037    -0.329134    -0.761330    -0.349905    -0.436535     0.236294    -1.492342    -0.131890    -0.303526    -0.229123    -1.864460    -0.698112    -0.626651    -0.662205
   -1.105910    -0.071447    -0.477956     0.464738    -1.843109    -1.641790    -1.222530    -0.451859    -0.552645    -0.069637     0.629787     0.227089    -0.174880    -0.532306    -1.389918    -0.163956
    2.546800     1.610185     1.191393     0.367179    -0.239629    -1.020463    -0.531928    -0.377036    -1.206497     0.135833    -0.221948    -0.404202     3.220397     2.393953     0.341370     1.389453
   -0.499608     1.249649    -0.923109    -0.665736     0.806069    -1.021244     0.361111    -0.107786    -1.648901    -0.963992    -0.615904    -0.548186    -2.639494    -1.011884    -0.929279    -1.758499
   -1.670865    -0.344806     0.758821    -1.069630    -1.500679    -0.788368    -0.964388    -0.741190    -2.540482    -1.372664    -0.742327    -0.149357    -2.377495    -0.282891    -0.817875    -0.324441
   -1.983356    -0.772133    -0.708304    -0.474700    -0.569810     0.477720     0.455915    -0.060958    -0.826523    -0.439983    -1.043174    -0.952504     2.065673     0.616904     1.339281     0.102156
   -2.477379    -0.656545    -1.000951    -1.059667     0.914300     0.167014     0.935160     0.681412     1.221901    -0.185784     1.345554     0.012738    -0.943584    -0.256214    -0.844337    -0.197041
   -0.786141    -0.920756    -0.567867    -1.074701     0.985632     0.678191     0.233045     0.620695     0.135975    -0.589313    -0.691842    -0.225579    -0.774174    -0.736273    -0.164024    -0.309880
    0.625129    -0.070517    -0.085923    -0.251911     1.330439     1.318136     1.137587     1.395750     0.341979     0.159996     0.148424     0.941914    -1.996567    -1.164072    -0.536971    -1.526077
    0.128857    -0.141006     0.476872     0.277784     2.859381     0.440539     0.747962    -0.079559    -0.991039     0.282039    -0.511521    -0.691470     0.970169     0.344543     0.809989     0.592572
    1.142684     1.098602    -0.590177     0.106233    -1.013818    -0.733615    -0.888261     0.570454     1.052948     0.666188     0.341922     0.918967    -1.804388    -1.502371     0.221721    -1.076913
   -0.034675    -0.234828    -0.359468     0.514984    -0.923261    -1.079401    -0.960013     0.027049    -0.126332     0.437976     1.041341     0.547460     1.889843     1.788853     0.142180     0.231316
   -0.089585     0.419615     1.084414     1.032504     0.984289     0.041872     0.151724    -0.023491    -1.681669    -0.698771    -0.843382    -1.566312    -0.300901    -0.153037     1.125897    -0.360796
   -2.079477    -0.624879    -0.837139     0.222092     1.760271     1.737914     1.526890     0.402254    -0.955145    -0.828928    -0.284629    -0.811643     0.133920     0.555912    -0.703232    -0.404548
   -1.769663     0.429705    -1.357321    -0.024418     2.888709     0.834377     0.765375     0.939195    -0.701880    -0.660044    -0.227690    -0.652008    -1.301032     0.638426    -0.634296    -0.635809
    1.642279    -0.152721     0.138934    -0.140256    -0.734199    -0.597867    -0.510633    -0.119448    -0.778809    -0.205041     0.638338     0.518889     1.837162    -0.112185    -0.128190     0.358070
    1.219814     0.091196    -0.202452     0.656335    -2.325776    -0.164124    -0.966268    -0.323788     1.231907     0.668410     0.500745    -0.243099     0.922424     0.569845     1.932294     0.693784
   -1.784592    -0.500180    -1.052421    -0.833751     0.700978     0.367840     0.420326     0.329185    -1.406276    -0.051284    -0.589650    -1.571791     0.383985    -0.160861    -0.001642     0.066526
   -0.045071    -0.666204     0.642539    -0.945894     1.565312     0.013478     0.770950     0.065662    -0.713348    -1.033022    -0.066822     0.354090     0.689230     1.250423     0.608660    -0.887236
    1.152990     0.678322     0.867422     0.091988    -0.848871     0.371044     0.342505    -0.218681    -1.203170    -0.719695    -0.021119    -0.716863    -1.800703    -0.866578    -0.715110    -1.179505
   -0.541524    -0.127107    -0.441403    -0.601339    -0.146140     0.467776     0.285724    -0.206229     0.155791     0.157477     0.493744     0.585427     2.024372     1.828018     0.565560     1.341245
   -0.194695     0.604053    -0.238609    -0.103449    -0.251967    -0.347962    -0.361787    -0.687712    -0.505030    -1.053811    -0.369177    -0.497243     0.519180    -0.559072     0.106929     0.084327
   -0.045381     1.070610    -0.009626     1.601966    -0.087120     0.124769     0.343564     0.613686    -0.758411    -0.820764    -0.327905    -0.291148    -0.796627    -0.498786    -1.428606    -0.806849
   -0.358466    -0.555251     1.121403     0.442481     0.010841    -0.209679     0.389856    -0.114244    -0.178832    -0.138820     0.095008    -0.390608    -1.177153    -0.931141     0.226418    -0.464989
    1.281488     0.949738     0.347016     0.728546     0.493376     0.366215    -0.168110    -0.577009    -0.884689    -0.821419    -0.203031    -1.134994     0.200483     0.043028    -0.108472     0.346678
    1.162343    -0.231523     0.401407    -0.610899     0.976980     1.217900     0.469054     0.229545     0.183391     0.199114    -0.181504     0.858364     0.266052    -0.240246     1.416636     0.873105
    0.562760    -0.290880     0.380520     0.333086     0.340870     0.265579    -0.487736    -0.954706     0.508915     0.645363     0.571501     0.039882    -0.086880    -0.108667     0.865488    -0.045243
    0.189851    -0.151498     0.498747     1.092532     0.856534     0.246710    -0.268168     0.338603    -1.096170    -0.114642    -0.623300    -0.126248     0.505344     1.092021     1.079936     0.067801
    0.502887     0.547224     1.022918    -0.549047    -0.692639     0.308051     0.292749     0.269045     0.200234    -0.702659    -0.413097    -0.532444     3.116449     2.561770     2.102327     1.312305
   -0.123315    -0.243260    -0.497960     1.364992    -0.672557    -0.292753    -0.106570     0.328506    -0.967405    -0.338332     0.002246     1.464256    -0.289935     0.247995     0.816242     1.009823
   -1.466142    -0.618192    -0.111743    -0.553016     2.120640     2.213019     1.074425     0.882523    -0.618773    -0.600357    -0.589559    -1.583935     0.101488    -0.188690     0.175503     0.149801
   -0.861915    -0.811541     0.247698    -0.161089    -0.716602    -0.231832    -1.236585    -0.666286    -0.057352    -0.995000    -0.438942     0.232055    -0.696843    -0.203641    -0.727520     0.012397
    0.314953    -0.583819    -0.730440     1.455952    -0.321561     0.423131    -0.157046     0.537129     0.133599    -1.075311    -1.147117    -1.829270    -0.270683    -0.859723    -0.380561     0.322720
   -0.776736     0.408130    -0.256998     0.161546    -0.495425    -0.102985    -0.281925    -0.011886     0.447000     0.403045     0.661738    -0.803676    -1.444730    -1.499927    -1.178960    -0.488553
    2.658024     0.303765     1.314360     0.661821     1.863586     0.648595     0.098377    -0.284425     0.640133     1.555859    -0.059114     0.084271     0.256716    -0.721859     0.399923    -0.810806
   -0.242846     0.791299     0.417345     0.395115     0.311060     0.201836     0.237095     0.494892     0.208424     0.405573     0.440241     0.405995     1.391422     0.964797     0.644839    -0.221027
    0.538490     0.083867     0.068694    -0.599106    -1.476021    -0.295668    -0.003234    -0.799822     0.439031    -0.055267     0.117087    -0.414906    -0.364213    -0.299015     0.853586     0.736346
    0.826126     0.236717    -0.244791     0.143728    -2.464176    -0.186924    -1.916135    -1.561679    -0.533849    -0.265253    -0.180298     0.108396    -1.604296    -0.065426    -0.817465    -0.453273
   -2.672280    -0.669687    -1.844410    -1.594316     0.309694    -0.460740    -1.243492    -0.201861    -2.021422    -1.154079     0.110464    -0.877594     1.000135    -0.119749     1.440571     0.666816
    1.178897     0.108989     0.150526    -0.275567    -0.541385    -0.316233     0.768555    -0.616778     0.575103     0.697353     0.060956     0.011944    -1.407849     1.230683     0.091687    -0.803062
    3.276727     0.436248    -0.083968    -0.070955     0.839889     0.821923     0.469839     0.504486     2.034734     0.084159     1.270060     1.206666     0.021322     0.348042    -0.226233     0.459138
   -1.622571    -1.208563    -0.617693    -1.250384     0.825771    -0.127570     0.300206    -0.091677    -0.292978     0.063972     0.266677    -0.144327     0.092828     0.695972     0.184987     0.507006
    1.525198     0.047249    -0.168296    -0.678742    -0.461613    -0.777586    -1.102140    -0.136821    -0.087629    -0.412350    -0.221551    -0.010124    -1.361865    -0.227681    -0.894917     0.129660
    2.513737     0.008254     0.812973    -0.346309     1.788229     0.099235    -0.084329     0.184464     0.924320    -0.008905     1.067289     0.523371    -0.438276     0.295689     0.384451     0.233228
   -0.980558    -0.629030    -0.385812     0.555956    -0.258903     0.588476     0.206444    -0.604633    -1.050576    -0.941034    -0.937885     0.310129    -1.851342    -0.050426    -1.032747    -0.798989
    2.636959     1.209594     0.655939     0.182316     1.996028     0.146655     0.168500     0.306365     0.999681     0.545161     0.543776    -0.374023    -1.256059     0.108003    -0.882107    -0.319163
    2.520497     0.503926     0.827548    -0.396345     1.331527     0.667494     0.942774     0.515323     0.764350     0.570709    -0.084436    -0.047071    -0.089270    -0.307629     0.484643     0.070234
   -2.405784    -0.139644    -0.427628    -1.055170    -0.720007     0.099393    -0.009986     0.018727    -1.183900    -0.213003    -0.847213    -0.524454    -0.353299    -0.854270    -0.575383     0.374780
   -0.658581    -0.356199    -0.381031    -0.414289    -0.228556    -1.071824    -0.717077     0.490939    -1.151605    -1.645904    -1.106145    -0.098308     1.242501     0.588936     0.708450     0.783095
   -0.679272    -0.463057    -1.072361     0.191136    -1.042612    -1.712502    -0.625737    -0.682066     1.057964     0.509388     1.061518     0.500123     1.225094     1.414629     0.441026    -0.048213
    0.135990     0.316292    -0.859724     0.096914    -0.603711    -0.686755    -0.577568    -0.109175    -0.422989    -0.383484    -0.346870     0.007477    -1.093667    -0.238925    -0.992664    -1.125928
    1.131312     0.117437     1.781679     0.290385    -0.480240    -0.151944     0.644396     0.185182    -0.260438    -0.253450    -0.460408     0.068300     0.151104     1.060138     0.654110     0.568178
    1.801610     0.182651     1.543938     0.389645     1.876532     0.582892     0.530268     0.934468    -2.648925    -0.036495    -1.251217    -0.480237     2.082277     0.756993     1.589539     1.390984
   -2.560982    -1.846346    -0.506743    -0.014407     2.054585    -0.211742     0.065660     0.569255    -0.560740    -0.094334     1.390472    -0.643645    -0.955154    -0.787757    -0.225128    -0.733962
   -1.189533    -0.039902    -0.311768    -0.624550    -0.593579    -0.416239    -0.013541    -0.856736    -0.957509    -0.601809    -0.577868    -1.259417     0.245456     0.209350     0.562624    -0.673705
   -1.118396    -0.739154     0.302597     0.496493     0.259764     0.452499    -0.387018     0.032617    -1.152948    -0.274993    -0.589966    -1.015459    -0.003810    -0.223579     0.516798    -0.384217
   -3.758488    -0.271278    -0.948952    -1.318805     1.531597    -0.299455    -0.345977    -0.228726    -1.016212     0.372353    -0.385163     0.368120    -0.859665    -1.235999    -0.988272    -1.419700
    0.526974    -0.024839     0.269620     0.562674    -0.367611    -0.673615    -0.226367    -0.159670     0.313862     0.783269     0.215692     0.248147     0.137367    -0.341531     0.355055     0.586792
    0.622028    -0.104795     0.797297     0.363352    -0.283964     0.760931    -0.660176    -0.553957    -1.455452    -0.801226     0.781190    -0.243321     1.809339     0.812403     0.641087     0.837669
   -3.287904     0.110120    -1.406978    -0.767230    -2.576054    -1.290319    -1.102520    -0.668002    -0.030577     0.452162     0.297615     0.279875     0.360149    -0.162156    -0.356816     1.338617
   -0.165277    -0.796560    -0.273279     0.166617    -0.989060    -0.723081     0.552780     0.315540     0.694703     0.364808     0.229183     0.124274     0.088289     0.006978    -0.214308     0.610288
   -1.168874    -0.324694    -0.043897    -0.019503    -0.314076    -0.522975    -0.009757    -0.500164    -2.207829    -1.489957    -0.881145    -0.723993    -1.089466    -1.659220    -1.043114    -1.216449
   -0.639676     0.675295    -0.878196    -0.145724    -0.589441    -1.471204    -0.537120    -0.135087     1.320666     0.531877     1.004277     1.652400     0.138259     0.894083    -0.417963     0.228862
   -0.504308    -0.433972     0.080330    -0.029673     2.111054     0.460797     1.352563    -0.651881    -1.131066    -0.285817    -0.781929     0.231982    -0.376801    -0.490443     1.102987    -0.432814
    0.719701     0.014651     0.787249     0.320891    -0.687797     0.266487    -0.514010     0.501593    -0.707712     0.232236    -0.466040    -0.288871    -0.339226     0.839683    -0.487001     0.627497
    2.120917    -0.078480     0.467275    -0.049024    -1.033725    -0.218571    -0.454053    -0.232641    -0.412914    -0.600745     0.103789     0.051601    -0.902474    -1.156755    -1.044155    -0.168041
    1.554032     0.507187     1.129120     0.196306    -0.968697    -0.367948    -0.366049     0.492833     0.038809    -0.010329    -0.616348    -0.032226     0.678321     0.553562     0.092337    -0.146076
   -0.248121     0.332600     0.789259    -0.570802    -1.557557    -1.559553    -0.479636    -0.610037     0.505977     0.035930     0.083409    -0.795708    -0.753539     0.239948     0.620474    -0.239999
   -1.998078    -0.873154     0.589701    -1.050097     1.183753     1.041502     1.202569     0.070284    -0.371663    -0.131681    -0.291145     0.717282     0.156841     1.059368     1.143024    -0.092844
   -1.196289    -1.454644    -0.616119    -0.155432     0.590362    -0.268653     0.073966     0.816220     0.683161    -1.449784    -0.249896     0.711290    -1.024401    -0.034712    -1.005633    -1.268351
    1.277008     0.510594    -0.249374     0.250647    -0.055076     0.445784     0.235347     0.392051    -1.686287    -0.960506    -0.739923    -0.601199    -1.368463     0.574410    -1.124024    -0.967852
   -1.002388    -0.095889    -0.356944    -0.325970    -0.746488     0.668823    -0.099783    -0.291711    -2.224552    -1.107364     0.724427    -0.136126     0.217548    -0.340753     0.425384     0.166528
   -0.972932     0.207914    -0.054236    -0.663432     0.208228    -0.446438    -0.873507    -0.288973     1.739309     0.072293     1.028504     0.959011     1.996499     0.748524     0.673720     1.191369
   -0.836098     0.386690    -0.405357     0.571807     0.816024    -0.116890     0.948971    -0.316351     0.092614    -0.638726     0.245547    -0.360442    -0.687746    -0.859324    -0.237494     0.027161
    1.789078    -0.074406     0.737945     0.582237     0.367680    -0.326410    -0.656047    -0.602921     0.029331    -0.405325     0.196167     0.501931    -0.079866     1.327069    -0.162210    -0.833504
   -3.382211    -0.853670    -1.411671    -1.872009    -0.770249     0.496903     0.357625     1.263676    -0.606364     0.136733    -0.165148    -0.500802    -1.054459     0.009252    -1.443573    -0.287681
    1.217799     1.462755    -0.290364     0.627395    -0.348247    -0.376047    -0.185334    -1.776870    -0.670539    -0.690344    -0.606983     0.206216    -1.618933     0.346191    -0.390903     0.055314
   -0.251939    -0.576544     0.284634    -0.142424     1.560734     0.508054     0.530972     0.081819     1.291993     1.001971     1.209715     1.189460     0.654448     0.839352     0.156929    -0.270521
    0.267816     0.165941     0.293575     0.125992    -0.116132    -0.067606    -0.451526    -0.216176     1.748488     0.810057     0.669697     0.308870     1.681626     2.293332     1.540131     0.384454
    0.890774    -0.596440     0.068583     0.367464     1.101764    -0.143424     2.149113     0.150817     1.397677     1.252073     0.097017     1.058798    -0.079320     0.628942     1.597793     0.504164
    0.108553     0.720713    -0.399630     0.136266     0.114925     0.675269     0.415472     0.354489    -1.160150    -0.740432    -0.601763    -1.465895     0.150585     0.739036    -1.405132     0.100316
   -1.061537     0.097129    -0.705983    -1.146858    -0.808264    -0.207248    -0.571113     0.081530     0.079205     0.681066     0.246040     0.961342     0.891540    -0.986798     0.107636     0.167445
   -0.033606     0.368792     0.809042     0.358677     1.583708     0.208908     0.020066     0.557097     0.780677     1.355015     1.336899     0.855685     0.364188     0.638030     0.058681     0.709532
   -0.458218    -0.090076    -0.144971     0.066012    -0.576694    -0.056494    -0.131755    -1.318292    -0.552838    -0.209878    -0.483346    -0.119947    -0.353087    -0.316524    -0.427392    -1.043940
    0.831919     0.788426     0.631944     1.007865     0.473700    -0.326630     0.683299     0.243719     0.290005     0.361051    -0.534603     0.543592     1.228340    -0.350874    -0.448729     0.695426
    0.256230    -0.523628     0.090618     0.521506    -0.814912    -0.534668    -0.438122    -0.921958    -0.355259     0.530862     0.035915     0.490393    -0.233353     1.278921    -0.712347    -0.170217
   -1.388677    -0.238642    -0.263521    -0.265130     1.665654    -0.109290    -0.015037    -0.152440     0.890333    -0.154470     0.721066    -0.420667     0.773728     0.370595    -0.171547     0.988404
   -0.539870    -0.622393     0.497070     0.014686    -1.743894    -0.497734    -0.979466     0.017237    -0.380265     0.081629    -0.314841    -0.223346     0.374642     0.888570    -0.541161     1.212579
    1.117330    -0.422530    -0.156968     0.378305     1.833790    -0.066306     0.759558     1.320161     1.377381    -0.372252     0.019787     0.995735     0.907203     0.017864    -0.797723     0.142491
   -0.492779     0.195787    -1.119664     0.584696    -0.484475    -0.805806    -0.372266    -0.548911     1.042063     0.563651    -0.333516     1.006521    -0.810825    -0.358561    -0.999793     0.665422
    0.084775    -0.661203     0.311378     0.123581     0.152722     1.315065    -0.571250    -0.150561     1.842803     0.297711     1.102122     1.431524     1.469185     0.565500     0.979172     0.245753
   -1.861805    -1.509108     0.055677    -0.705010     1.726564     0.224547     0.187869     0.315620    -0.383293    -0.669574     0.023500    -0.064349     0.284570     0.265404     0.196000     0.339547
   -0.460019     0.303895    -0.352435     0.337651     0.257002    -0.155330    -0.642628    -0.153334     1.191022     0.178741     1.129598     0.800278     1.452684     0.659380    -0.233855     0.558485
    3.374179     1.090362     1.850269     0.736542    -0.556954     0.378515     0.367780     0.137623    -1.800347    -0.329298    -0.037026    -0.478571     1.768481     0.974918     1.496463     0.513312
    1.257626     0.401840    -0.410087     0.442054    -2.876495    -0.745609    -1.548988    -1.182629    -2.968650    -0.912974    -0.830404    -0.712978     0.674660    -0.187355    -0.133715     0.286003
    1.674463    -0.735739     0.319907     1.243923     1.303136    -0.329138    -0.071759    -0.147311     1.755833     0.979174     0.796822     0.494588    -0.996472    -1.474238    -0.774020    -0.395439
   -0.239383    -0.828181     0.013931    -0.055145    -0.258445     1.173083     1.006944    -0.332892    -0.151161     0.195144     1.117014     0.430033     0.333605     0.198690    -0.313304    -0.014962
   -1.814584    -0.276681    -0.418564    -0.327961    -0.362045    -1.162072    -1.033797    -1.097838    -0.824657     0.132020     0.824213    -0.175425    -0.375564     0.119304     0.166731    -0.204832
   -2.157879     0.348353    -1.199113    -0.206455    -0.578212    -0.306717     0.100314    -0.483320    -0.184655    -0.748087     0.144978    -0.122938    -1.588815    -0.059571    -0.883286     0.029115
    0.258788     0.658417    -0.347738     1.045027    -1.536719    -0.344613    -1.462731    -0.816048    -0.791052    -0.442542     0.802957    -0.395361    -0.573538    -0.483211     0.533711     0.163996
    1.120102    -0.347792     1.478032     0.428803    -0.733108     0.005875     0.633791    -1.360682    -1.447382    -0.847017    -0.714224    -0.333302    -0.113103     0.517811     0.749070     1.133057
   -1.095957     0.973120    -0.306724    -1.270906    -0.286524    -0.447206    -0.377250     0.139640     1.255921     0.146325     1.046604     0.544328    -1.257981    -1.250060    -0.832235    -1.087752
    0.797152    -0.111608     0.044136     0.585201     0.920167    -0.188482     0.314104    -0.255532     0.089269     0.987217    -0.230671     0.610217    -1.007076    -0.463730    -0.239770     0.372465
    0.757159     0.618142    -0.162928    -0.420629     0.000601     0.278505     1.331265    -0.227097     0.069331     0.231777    -0.927886     0.822484     0.749682     0.898064     0.444422    -0.172755
    0.251891    -0.893144     0.130006    -0.617975    -1.038228     0.898890     0.139753    -0.469502    -1.390883    -0.623662     0.007979    -0.884066     1.373518     1.061022     0.365509     0.847526
    1.504900     1.019772     1.940863     0.447628     2.514382     0.097612     0.935638     1.102039     0.390218     0.182854     0.676239    -0.135759    -1.069743     0.051617    -0.774320    -0.519250
    1.655718     0.340410     1.001878     1.320484     1.157023     0.295468     0.607448    -0.058110    -0.136873     0.818965     0.921397     1.123207     0.839625     1.295461     2.071476     0.033168
    0.906641     0.439843    -0.157398     0.522815     1.689791     1.633814     0.604795     0.682734     0.439678     0.564101    -0.733074     0.017773     0.183291     0.494201     0.858758     0.679066
    1.089394    -0.745406     0.429349    -0.747164    -0.818782    -0.461027     0.533026    -0.650704     1.015163    -0.206145    -0.522152     0.466757    -0.310065    -0.086331    -0.371475     1.004501
    1.347608    -0.122126     0.241887    -0.391922     2.079571     1.689785     0.799207     2.305788     2.034330     0.637236    -0.282089     1.210747     0.207441     0.601776     0.914517    -1.087556
    0.408870     0.794835    -0.275647    -0.453336     1.182011     0.665750     0.915035     0.439305    -0.756288    -0.063524    -0.281737    -0.478617    -0.478937    -0.596450     0.661326     0.200144
   -1.022377     0.741725     0.602416    -0.638699     0.128943    -0.164269     0.687152     0.838227     1.032013    -0.035716    -0.032251     0.255061    -0.123275    -0.648592     0.201154    -1.128329
    0.661162     0.759310     0.962835     0.086179    -0.109408     0.290250     1.048161     0.301026    -2.026532     0.009864    -0.729313     0.019301    -0.550903    -0.711085    -0.164616    -0.104151
    0.593292     0.480454    -0.308476     0.647109    -1.977198    -1.769119    -1.144273    -1.969891     0.889192     1.096182     0.251096     0.428074    -0.530307    -1.000365    -0.131892    -1.055652
    0.679242    -0.322069     0.903428    -0.646402     0.173813     0.537939    -0.475251     0.917359    -0.049272    -0.376826    -1.249248    -0.570889    -0.917011    -1.959336    -0.571480    -2.469647
    0.733305     0.339178     0.437622    -0.291246     1.006483     0.973148     0.453822     0.442437     0.393778     0.662006     0.440050     0.630342     2.519022     0.648285     1.775977     1.469484
   -3.475995    -0.748789    -1.122553    -0.624126    -1.183662    -1.234812     0.016839    -1.332114     2.300700     0.255992     0.363560     0.300745    -0.671505    -0.202113     0.459836     0.622970
   -1.647832    -1.343817    -1.036938     0.668006    -3.120860    -2.063320    -1.578488    -2.148516     0.148317    -0.103391     0.267405    -0.297352    -0.931470    -0.752480    -0.342995    -0.293563
    1.767234     0.655669     0.184551     1.085430    -2.413168    -0.616726    -1.109445    -0.922693    -0.943107    -0.598555     0.987244    -0.082333     0.565307     0.582886     0.275314     0.918903
    1.817864     0.722977     0.022794    -0.561815    -0.455173    -0.737684    -0.237631    -0.486347    -1.109409    -1.863339    -0.820031    -0.946937     0.023182     0.781147     0.482574    -0.629732
    0.342435     0.214087    -0.537780    -0.122503    -0.544104     0.037733    -0.211877    -0.279679     1.112758     0.667486     0.079072     0.296238    -0.723375     0.132893     0.188835     0.283130
    1.140725     0.366192     1.076941     0.610172     0.724153     0.128856    -0.236132     1.275271    -0.591708    -0.148594     0.094942     0.728984     0.867529     0.438455    -0.026442    -0.180529
   -0.481353    -0.361721     0.306073     0.701161     0.809934     1.512114     0.422440     1.032372     1.113311     0.056063    -0.396776     0.960300     1.223029     1.329317     0.877548     0.566622
    0.977384     1.180275     0.418141    -0.417860     0.221084     0.841624    -0.163669    -0.582099     0.410516    -0.883774    -1.379453     0.856078     0.917666     0.694383    -0.267454     0.367904
    2.776697     0.611470     0.136572     0.505889     0.206707    -0.201585    -0.178374    -0.310143    -0.439487    -0.252177    -1.663439    -1.459379     0.312792     0.379593    -0.469638    -0.014263
    0.232442    -0.260019     0.144969     0.056850     1.384457     0.425147     0.224106     0.450619    -1.391584     0.494437    -0.587096     0.023166     0.086934     0.061152     0.054304    -0.282349
    0.287768    -0.284505    -0.498178     0.011319     0.124045    -1.378348    -0.765552    -0.877365    -0.135275    -0.145202    -1.127822    -0.999559    -1.290089     0.224384    -1.089079    -1.354860
   -0.472772     0.142525    -0.241991     0.453790     0.628530     0.187463    -0.155612     0.252606     0.513692     0.332638     0.574641     1.340002     2.151077     1.591563     0.687803     1.614054
    0.942062     1.241649    -0.376874     0.685926    -0.120691     0.572302     0.250730    -0.087519     0.737433    -0.270430     0.079772     0.224928    -0.367572    -0.081264    -0.164199     0.659047
   -0.214722    -0.686909    -0.697694    -0.549374     0.190951    -0.188689    -0.045293     0.011942     0.242020    -1.219599    -0.238905    -0.610038    -1.021279     0.503968    -0.228360    -0.245969
    2.410531     1.250914    -0.232826     0.855596    -2.643070    -0.586849    -1.455112    -0.864600    -2.389788    -1.515668    -1.847027    -1.130896    -0.767876    -0.908433    -1.231246    -0.388156
   -1.359778     0.091077    -1.552166     0.215222    -1.389093    -1.035531     0.054892    -0.383746     0.137420    -0.196818     0.139242    -0.016575    -0.965254    -0.437096     0.974560    -0.734401
   -0.890075    -0.164871     0.566946    -1.410973     0.809389     0.091437     0.542041     0.899992    -0.713261    -0.851579    -0.668858    -0.219430    -1.842814    -1.439628    -1.975692    -0.687094
    1.026424    -0.343210     0.052783    -0.432975     0.018932    -0.498010    -0.888322     0.187142    -1.110588     0.323556    -0.523162     1.284207    -0.207500    -0.642288     1.215291     1.380848
   -1.249712    -0.732279     0.606671     0.350308     0.627496    -0.831259     0.337524    -0.053220    -2.272618    -1.359830    -0.892630    -1.822668     0.431558     0.813638     0.048034     0.260898
   -0.024410     1.126345     0.418678    -1.816109    -3.145350    -1.339701    -0.956366    -1.599320     0.453232     0.289502     0.539741    -0.120391     1.307803     0.538775    -0.265872     0.382596
    1.164549     0.656048    -1.156749     1.451306    -1.143083    -0.118126     0.040065    -1.153247     1.930907     0.880059     1.139154     1.255420     0.080191     0.399791    -0.228016     0.378817
    0.199444     0.719574     0.031280    -0.634079     1.230562     0.241111     0.769804     1.061600    -0.435995     0.618625     0.276026    -0.794286    -0.819420     0.394665    -0.305400    -0.580239
    0.929913    -0.391442     0.433609     0.576214     0.553829     0.107342    -0.436666    -0.471208     0.254466    -0.081778     0.242130    -0.179931     0.080163     0.233789     0.452895    -0.179370
   -0.211841     0.189751     1.415784     0.051041    -1.516774    -1.297861    -1.668050    -0.721887     1.161191    -0.080578     0.356877     0.672442    -0.549992    -0.317130    -0.875876    -0.435593
    0.274441    -0.252337     0.391454     0.467581    -0.154012     0.211619     0.231865    -0.883276    -0.552801     0.231325     0.524358    -0.136297    -2.105666    -0.309182    -1.174606    -0.918697
   -2.175949    -0.581514    -1.231371    -0.948762     0.275539    -0.242661     0.679879    -0.163005    -0.014000    -0.118694    -0.554309     0.461177    -0.401021     0.562400     0.556037    -1.629082
   -0.373290    -0.758308    -0.054543     0.596980     0.526822    -0.280254    -0.158537     0.592882     0.246794     0.138883     0.287541     0.308231    -1.008048    -0.685520     0.087172     0.951338
    0.971734     0.950322    -0.493065     0.360405     0.206769    -0.009359    -0.443871    -0.653317     2.409124     0.379187     1.162802     0.752080     0.373482     1.730632     1.098323     0.464133
   -1.931807    -1.009670    -0.249703    -0.897916    -1.082463    -0.665502    -1.094985    -0.433504    -1.901557    -1.813626     0.060751    -0.488389     0.196222     0.709784    -0.304188     1.111936
   -1.792479     0.081459    -0.611593    -0.025049    -1.820926    -0.646093    -0.615378    -0.116744    -0.966890    -1.280224    -0.202260    -0.025965     0.867776    -0.340220     0.122514     0.158746
    0.249050     0.385875     1.238647    -0.190390    -0.244851     0.361758     1.328499     0.026563     2.558345     0.945461     0.875781     0.527961    -0.709582    -1.250842    -0.841120    -0.062644
   -0.326398     1.146153    -0.016412     0.866733    -0.139483     0.184860     0.696920     0.179628    -0.487874    -0.120030    -0.527217    -1.070326    -0.126159     0.459150     0.040503     0.855935
   -1.307020     0.256335     0.401063    -0.042926    -0.958851     0.601078     0.030961    -0.280759    -1.120301    -0.203245    -1.108530    -0.539091     0.204238     0.170912    -1.126131    -0.009658
    3.671106     1.297188     0.845041     1.061827     1.046634    -0.026104     0.636601    -0.333901    -0.051503     0.231803    -0.601468     0.725643    -1.056656     0.272446    -0.058933     0.369232
   -2.443805    -1.058872     0.200341     1.032623    -2.523948    -0.656987    -2.790683    -1.218040     1.307024     0.680192     0.941764     0.026059    -0.725432     0.573318     0.236140    -0.900169
    2.849742     0.119160     0.875098     0.039723     0.038181     0.181377    -0.198091     0.252985     3.146860     0.957861     1.160364     1.063152     0.129015    -0.286025    -0.905811     0.129397
   -0.296073    -0.611618     0.934909     0.494021     0.442354     0.223536    -0.280894     0.032074    -0.661815    -0.632014     0.040882     0.173918    -0.217108     0.522702     0.238004     1.119604
   -1.286896     0.084360    -0.748322    -1.496367    -1.683901    -1.153620    -0.971423    -1.512859    -1.933710    -0.679782    -1.166301    -0.622430    -0.375207    -0.300810    -0.868433     0.601702
   -1.113121     0.315312    -0.988911    -0.036765     1.382525     1.245091     0.850621     0.286808     0.721559     0.512049    -0.355399     0.567794    -1.278747    -0.075457    -1.646523    -0.961090
   -0.782910    -0.464812     0.288764    -0.457259     1.509190     0.622576     1.235607    -0.445801    -0.005273    -0.407474     0.820120     0.438423    -0.008042     0.326265     0.632626    -0.824788
   -1.410155     0.491127     0.009267    -0.475026    -1.271995    -0.727255    -0.855280    -0.679857    -0.931411    -0.137792    -0.537186    -0.698545    -0.289635    -0.561113    -0.080794    -0.207085
   -1.430806    -0.350990    -0.575899     0.301121    -1.538160    -0.529393    -0.895146    -0.896697     0.312699    -0.684552    -0.481682     0.044685     1.053677     0.200627    -0.341355     0.227476
   -1.931258    -0.713417    -1.089707    -0.806156    -0.599859    -0.863729    -0.703885    -0.268428    -0.373701    -0.219422    -1.530845     0.187864    -0.528705    -0.847883     0.803529    -0.965386
    0.186042     0.753385     0.144286    -1.051778    -1.533973    -0.445436    -0.527348    -2.363138     1.551013     1.889156    -0.237016     0.606829     0.117676     0.063776     0.693179     1.234604
    1.989567     0.798504    -0.090985     0.541144    -0.844553    -0.345826    -0.256562    -0.334690    -0.277039    -0.461842    -0.201975     1.015956    -1.194755    -0.796174    -0.699663     0.289787
   -0.690703    -0.070695     0.092568    -0.881494     0.212399    -1.334619    -0.960236     0.627594     0.347981     1.516352     0.636291     0.084766     0.256015    -0.301602     0.280023    -0.693862
    0.056521     0.704199    -0.527933     0.597060    -0.690593    -0.080489    -0.253043    -0.735226    -0.305877     0.010441    -0.718479    -0.523524     1.557725     0.453811     1.612032     0.741469
   -1.907289    -1.903040    -1.036739    -1.020406     0.176149    -1.213863     0.158721     0.024558     0.056402     0.095872    -0.257614    -0.049065     0.683987    -0.017596     0.178352     0.143606
    1.969287     0.015100     0.943229    -0.269851     2.086813     1.289194     0.532377     0.775521     0.271523     0.174720    -0.146319    -0.741484     0.556210     0.396988     1.320089     0.933701
   -0.237257     0.033896    -0.184757    -0.310554     0.725919     0.018389     0.592927     0.410466    -0.820426    -0.931571    -1.082949    -1.062560    -0.714997     0.133649     0.530635    -0.124724
   -2.608465    -0.790815    -1.121032    -0.500115    -0.980782    -1.132776    -0.549326    -0.048253    -3.228684    -1.527211    -1.973786    -0.801484     0.312884    -0.684296     0.026021    -0.331145
   -0.784166    -1.108824     0.125533     0.060313    -0.216862     0.014032     0.138929    -0.494804     0.296004    -0.062673    -0.770543     0.073348    -0.796354    -0.335434    -0.084182    -0.829676
   -0.981749    -0.337147    -0.615335    -0.237544    -0.223523    -1.643487    -1.256579    -0.624998     1.785867     1.053830     0.412415     1.184568    -0.234277     0.244062     0.731833     1.071338
   -0.412481     0.297079    -0.405382    -0.156547    -1.118539     0.081302    -0.412247     0.307908     0.859555     0.256511     0.364600    -1.092404     1.628915     0.249558     1.028160    -0.180358
   -0.448402     0.316089     0.550033     0.091429    -1.182862    -0.391338     0.649686    -1.020487     1.588890     0.434984     0.686064    -0.396055    -0.537681    -0.599878    -0.156070    -0.152599
   -0.892253    -0.307733    -0.477835    -0.674980     1.789693     1.422751     1.299041     0.340358    -0.479139    -0.442597     0.558109    -0.143080    -0.027305     0.106336     0.183842     0.392037
   -1.743518     0.183530     0.143746     0.354975    -1.705502    -0.829825    -0.934857     0.250484    -1.188977    -0.246673    -0.862875    -0.400120     0.015911     0.281942     0.194869     0.300268
   -0.324795    -0.307400    -0.949675     0.964603     1.256598     0.876764     0.188425     0.787866    -0.665785    -0.957955    -1.483820     0.813545    -3.306440    -1.711062    -2.142496    -0.963818
    0.075212    -0.903261     0.668169    -0.802053     0.700410    -0.612803    -0.164118     1.083342     2.256037     0.906781     0.805244     1.037566     3.066349     2.929447     0.743120     1.415737
    0.024687     0.134000     0.526747     0.615623     0.385066    -0.126597    -0.297509    -0.091778     0.273697     0.361279     1.226783     1.176351     0.364416     0.012273    -0.694262     0.427024
    0.476760    -0.309311     0.379711    -0.376736    -0.813806    -0.453122     0.446173    -0.663607    -0.258645     0.094313     0.787149     0.880590    -0.209202    -0.822342    -0.069779    -0.190841
    0.395520    -0.565330    -0.890365    -0.050757     0.160754     0.688318    -0.112386     0.338616    -1.054987    -0.317504    -0.551713    -1.074264    -0.667243     0.525416     0.862935    -0.352788
   -0.636627    -0.981137    -0.974859     0.495308    -0.410941     0.030029     0.377363    -0.019689    -0.771640     0.237431     0.086257    -0.097084     0.679460    -0.372350     0.110906    -0.247673
   -0.081909     0.443526     0.364090    -0.158847    -1.048615    -1.006577    -0.642039     0.302286    -1.843112    -0.327549    -0.465177    -0.432319     0.844185     0.390417    -0.211519     0.343552
    0.272919     0.625378    -0.289229    -1.270190    -2.354035    -0.998655    -2.235213    -0.638189     0.818751    -0.107629     0.509389    -0.561751     1.625994     0.198140     0.748731     0.188391
   -0.896770    -1.928558    -0.553026    -0.013104    -2.075389    -0.730310    -0.002344    -1.225786     2.517714     1.223840     0.362303     1.335844    -0.757436    -0.964618    -0.854743    -0.305027
   -1.439777    -1.333095    -0.672953    -0.909156    -1.802958    -0.977211    -0.680649    -0.472548    -2.935245    -0.405072    -0.900620    -1.425927    -0.695804    -0.529856    -0.719109    -0.761948
   -3.458745    -0.365635     0.248472     0.154944     0.308735    -0.162936     0.242461    -0.029561    -1.982027    -0.754771    -1.180468    -0.643952    -1.229152    -1.135395    -0.708111    -0.122313
    1.017254     0.550924    -0.027725     0.532683     1.558198    -1.109419     0.214400     1.020993    -0.385488    -0.235327     0.097225    -0.123481     1.231335     1.586753     1.030614    -1.039170
    1.381415    -0.165051     0.507693     1.039735     0.951621     0.301189     1.028533     0.076033     0.596075     0.960409     1.375219     1.064573    -0.685733    -0.261719    -0.199728    -1.461815
    0.093693     0.776529     0.561736     0.426496     1.141301    -0.089813     0.190684     0.768240     1.076389    -0.121895     0.055760     0.230829     1.418164     0.371265     0.436025    -0.025130
    0.560926     0.033223    -1.466022     0.539881     1.612966    -0.065258     0.758303     1.097374     0.115751     0.499832     1.143835     0.400369     0.464949     0.210350     0.420521     0.617296
   -1.183819     0.968981     0.836673     0.111079    -0.195846     0.357292    -1.296264    -1.315914    -0.988175    -0.121013    -1.017099    -0.798045    -0.188528    -0.131365    -0.867186    -0.524319
   -0.707363     0.348422     0.440179    -0.601968    -0.574154     0.490081    -0.619810     0.375280    -1.066251    -0.996535    -0.900655    -0.468800     0.807432     0.719842     0.052663    -0.170952
    0.417932    -0.437457     0.320083     0.048719     0.137124    -0.779901    -0.139274    -0.801914     0.365004     0.363505     0.405827    -0.749772    -1.269705    -0.196982    -1.047965    -0.567462
   -0.048794     0.380943    -1.226002    -0.091664     0.332091    -0.207295    -0.386559    -0.670027    -0.980494    -0.970299    -0.958543     0.225282    -0.754189     0.770584     0.875957     0.173478
   -1.405107    -0.777245    -0.027918    -0.988553    -0.988410    -1.062201    -0.904874    -1.785653    -0.373193     0.783437     0.328335    -1.068902    -1.530454    -0.653498    -1.101769    -0.124627
    0.196733    -0.052454    -0.233467    -1.498549     0.227768    -0.014833     1.305515     1.151400     0.308387    -0.009575    -0.682760    -1.764015     1.083963    -0.324322     0.142782     0.447884
   -1.211417     0.599983    -0.685582     0.073340     0.576877    -0.732020     0.956559     0.368773     0.452446     0.729185     1.112787     1.387893    -1.028063    -1.084698    -1.109891    -0.517620
    0.298388     0.430302     1.160110    -0.579053     1.310737    -0.465232     0.034674     0.477941    -0.498702    -1.276605     1.406079    -0.632509     0.895290     1.908989     1.697993     1.446015
    1.923273     0.645506    -0.086815    -0.071370    -0.114342     0.234810     1.018214    -0.358921     2.015129     0.039511     0.672377    -0.128643    -0.570790    -0.568628    -0.197654     0.181937
    1.676031     1.010626     0.637075     1.048155    -1.364664    -0.150397    -0.440684    -1.566276    -1.107352    -0.783897    -0.282846    -0.795729    -0.607829    -0.709981     0.187969    -0.350491
    1.182647     0.419273     0.125123     1.436654     0.165847     0.571410    -0.680824     1.342401     0.936447    -0.356388    -0.928931    -0.528570     2.032421     1.115409     0.718545     0.110443
    1.037490     0.105038     0.349026     0.624204     2.881948     0.467876     0.750769     1.063446    -0.042627     1.391591     0.523284     0.394111     0.863522    -0.020327    -0.136863     0.960667
    0.097066     0.330474    -0.454807     0.618098    -1.254141    -0.566025     0.237065     0.516114     0.771652     0.470513     0.057777     0.604533     0.760459     0.436067     0.294356     0.344338
    1.349191    -0.681065    -1.243158    -0.079686     2.258453     0.369960     0.567894     0.718361     0.880465     0.998230     0.025520     0.368741    -0.213843     0.617445     0.604759     0.422309
    2.139954     0.520189     1.816083     1.058422     1.254140     1.229884     1.122298     2.412337     1.296522     0.614269     0.348915     1.154903    -0.565820     0.258876    -0.324385     0.388704
    0.633487    -0.825673    -0.029733    -0.007949    -0.985706    -0.540890    -0.823336    -0.001834     0.655584     0.001041    -0.297288    -0.372981    -2.022463    -1.426431    -0.608340    -1.616471
    0.305446     0.464283    -0.082561     0.448647    -2.139066    -0.014328    -1.252269    -0.235042    -3.530077    -1.666235    -0.132726     0.718497     1.864405     0.246268     0.876415     0.393472
   -0.810892    -0.091134     0.179873    -0.525404     0.105278    -0.637264     0.070041     0.511324    -0.845923     0.216509    -0.969174    -0.749050    -0.488733    -0.456998     0.616547    -0.292268
   -0.425865    -0.320367     0.452458     0.153066     0.967247     0.627411    -0.078803     0.388447     0.038469     0.699247    -0.232929     0.017296     0.357850    -0.589794     0.061658     0.383700
   -0.478928    -0.655647    -0.281563    -0.231245    -2.051551    -0.127344     0.235503    -1.009868     1.020425     0.297409     0.862094    -0.095914     0.083132     0.392824    -0.154487    -0.127844
   -0.446690    -0.147478     0.788236    -0.299616     0.068991     1.017229    -0.028273     0.339036     0.439521    -0.342082     0.056028     0.097491    -1.375168     0.247442    -0.795077    -0.694452
    1.001853     0.208224     0.372041     0.842887    -1.728276    -0.706939    -1.390588    -0.019579    -0.153741    -0.398534     0.510631    -0.500358     0.817369     0.127792     1.765501    -0.511869
